0 0.222725 0.377391 0.0715072 0.0440268
0 0.723051 0.470906 0.064294 0.0326372
0 0.610463 0.923085 0.049974 0.043142
0 0.100968 0.822687 0.0559092 0.030085
0 0.929841 0.247322 0.0682248 0.0352343
0 0.311363 0.692607 0.0622312 0.0432448
0 0.627868 0.425473 0.0631213 0.0323845
0 0.220812 0.553496 0.0727663 0.0450709
0 0.816405 0.693778 0.0601132 0.0384742
0 0.312349 0.737933 0.0699366 0.0329909
0 0.527404 0.508914 0.0644633 0.0414953
0 0.52975 0.293957 0.0665946 0.0336088
0 0.626114 0.291727 0.064376 0.0379997
0 0.736582 0.245556 0.0620686 0.0388512
0 0.823908 0.51617 0.0674721 0.0403979
0 0.227636 0.194098 0.072264 0.0441259
0 0.609232 0.830308 0.0683662 0.0365947
0 0.326006 0.292095 0.0542013 0.036635
0 0.622992 0.557161 0.0643061 0.0363681
0 0.518402 0.829238 0.0716703 0.0423008
0 0.438937 0.152106 0.06459 0.0388696
0 0.330161 0.246726 0.0628342 0.0420265
0 0.310567 0.780427 0.067528 0.0367863
0 0.52305 0.559882 0.0674354 0.0449204
0 0.225808 0.333426 0.0590404 0.0411469
0 0.314003 0.557989 0.0539691 0.0295376
0 0.618734 0.687217 0.0657242 0.0314427
0 0.319691 0.424181 0.060835 0.0393938
0 0.432448 0.201231 0.0645252 0.0455671
0 0.316359 0.598878 0.0631135 0.03541
0 0.927375 0.293983 0.0660469 0.0391828
0 0.41334 0.737208 0.0609383 0.043269
0 0.927497 0.383579 0.066483 0.0403357
0 0.316823 0.644709 0.0665867 0.0404896
0 0.219361 0.601939 0.0765228 0.0419223
0 0.626254 0.380133 0.0629129 0.0480458
0 0.528423 0.378916 0.0695859 0.0401901
0 0.410663 0.874934 0.0751368 0.0348486
0 0.729609 0.293934 0.0661005 0.0424342
0 0.827351 0.385763 0.0509966 0.0348771
0 0.834456 0.244615 0.0688808 0.0357711
0 0.217075 0.512587 0.0594996 0.0354811
0 0.818922 0.737732 0.0615145 0.0322497
0 0.628648 0.333485 0.0659781 0.0281632
0 0.834229 0.155724 0.0647133 0.041385
0 0.217676 0.464983 0.0717974 0.0396673
0 0.307746 0.873626 0.0654978 0.032647
0 0.829705 0.293477 0.060035 0.0468602
0 0.621619 0.647214 0.0488606 0.037471
0 0.520148 0.695658 0.0647429 0.0383137
0 0.825766 0.427576 0.0538287 0.04464
0 0.414489 0.694696 0.0502576 0.0343771
0 0.411052 0.917501 0.0689249 0.0376732
0 0.421267 0.603647 0.06649 0.0328456
0 0.316478 0.470081 0.0608412 0.045603
0 0.424116 0.380001 0.0749715 0.0393614
0 0.422845 0.55965 0.0809209 0.03929
0 0.617283 0.876862 0.0703717 0.0355849
0 0.929502 0.200833 0.0672326 0.0455368
0 0.811687 0.828796 0.0593141 0.0421225
0 0.923236 0.430846 0.0588424 0.0463635
0 0.528935 0.332975 0.0637678 0.0346256
0 0.728583 0.426409 0.0624365 0.0485987
0 0.613205 0.785526 0.0631284 0.0406809
0 0.934029 0.117546 0.060527 0.0355113
0 0.423779 0.42474 0.0711105 0.0396614
0 0.22551 0.289378 0.0669888 0.0375952
0 0.627411 0.60626 0.0658277 0.0357273
0 0.636563 0.193021 0.056117 0.0353261
0 0.619864 0.512176 0.0521134 0.0337889
0 0.816925 0.87236 0.0565532 0.0380993
0 0.115921 0.511361 0.0785467 0.031501
0 0.629446 0.468391 0.0665156 0.0471808
0 0.408649 0.788114 0.0678066 0.0485699
0 0.720061 0.692588 0.0745689 0.0464291
0 0.736286 0.199633 0.0526017 0.0361151
0 0.422655 0.468094 0.0617056 0.0448824
0 0.807192 0.921206 0.0642949 0.0436608
0 0.409959 0.832778 0.0486479 0.0372166
0 0.827034 0.471358 0.0646106 0.0328096
0 0.530698 0.249804 0.0759354 0.0512062
0 0.427583 0.286165 0.0636293 0.0424464
0 0.514593 0.73804 0.0605777 0.0294613
0 0.421746 0.515239 0.0498628 0.038346
0 0.721683 0.515981 0.0669441 0.0458199
0 0.93079 0.339583 0.0655217 0.0327573
0 0.529622 0.46568 0.0580946 0.0332266
0 0.129118 0.106399 0.0632689 0.0383686
0 0.832244 0.341634 0.0701 0.0373199
0 0.817472 0.651839 0.0668585 0.0392269
0 0.817471 0.781084 0.071605 0.0444468
0 0.308551 0.917868 0.0759992 0.0389465
0 0.116746 0.374354 0.0689998 0.029848
0 0.414066 0.649756 0.069087 0.0448776
0 0.21191 0.645313 0.0656167 0.0341024
0 0.819205 0.605377 0.0588863 0.0435414
0 0.523363 0.423898 0.0533367 0.0352655
0 0.519449 0.782966 0.0612881 0.0358291
0 0.724177 0.382725 0.0689182 0.0356799
0 0.115446 0.335712 0.0733814 0.0389509
0 0.119051 0.237457 0.062652 0.0374641
0 0.115859 0.601677 0.0803016 0.0436272
0 0.542492 0.155463 0.0639185 0.0373753
0 0.230794 0.148082 0.0633643 0.0314562
0 0.533261 0.200902 0.0652651 0.0395893
0 0.714222 0.786853 0.0821033 0.0476066
0 0.108874 0.645089 0.0381208 0.034832
0 0.325224 0.379156 0.0631578 0.0438851
0 0.119753 0.419912 0.0675208 0.050276
0 0.119934 0.287745 0.0681519 0.0420639
0 0.633527 0.241769 0.0727483 0.0430084
0 0.513899 0.869483 0.0660134 0.0314362
0 0.104675 0.733273 0.0708831 0.0483046
0 0.32397 0.515686 0.0708904 0.0397295
0 0.103674 0.689219 0.0645219 0.0366456
0 0.33482 0.196783 0.0677207 0.0397952
0 0.831974 0.199412 0.0566981 0.0291137
0 0.23466 0.243726 0.0653697 0.0365986
0 0.720677 0.649015 0.0652441 0.0315633
0 0.312155 0.826702 0.0773019 0.0505314
0 0.823006 0.559788 0.0656166 0.0407578
0 0.716058 0.830007 0.0691527 0.0342786
0 0.732046 0.340167 0.0764364 0.0406302
0 0.708142 0.921374 0.0765556 0.0395355
0 0.104193 0.778419 0.0655085 0.0446396
0 0.642876 0.153767 0.0585789 0.0307274
0 0.737569 0.152187 0.0524509 0.0398514
0 0.927265 0.155996 0.0669355 0.0409352
0 0.334802 0.153679 0.0538509 0.0390745
0 0.519319 0.604433 0.0628038 0.0361474
0 0.107919 0.555091 0.0676355 0.0383038
0 0.619948 0.734886 0.0783353 0.0428738
0 0.726325 0.607794 0.0664261 0.0446839
0 0.22799 0.423225 0.0589708 0.0356607
0 0.511567 0.917571 0.0589189 0.0425785
0 0.523694 0.651736 0.0827605 0.0395417
0 0.727121 0.561471 0.0772054 0.0360134
0 0.434319 0.337495 0.0734848 0.0407261
0 0.098723 0.867908 0.0502299 0.0334538
0 0.327262 0.337838 0.0744959 0.0373424
0 0.1149 0.469851 0.0652289 0.0508043
0 0.723289 0.873539 0.0920774 0.0424137
0 0.102426 0.910398 0.065809 0.0356523
0 0.128906 0.153971 0.065791 0.0482127
0 0.724557 0.73915 0.0878373 0.0357311
0 0.430241 0.239623 0.0642671 0.00726881
0 0.127892 0.191073 0.0593589 0.0369268
0 0.0434158 0.168628 0.0339946 0.0206776
0 0.0435354 0.143683 0.0367695 0.0213772
